9.076759289526190080e+18
8.394447959322925056e+18
7.845991961408649216e+18
7.392665851614388224e+18
7.009808549807563776e+18
6.680871277008457728e+18
6.394280372393360384e+18
6.141665924677044224e+18
5.916804883200165888e+18
5.714961276959176704e+18
5.532458455030471680e+18
5.366392701162771456e+18
5.214436126423549952e+18
5.074697708612035584e+18
4.945623236245211136e+18
4.825921907017516032e+18
4.714511576049223680e+18
4.610477300702092800e+18
4.513039526865100288e+18
4.421529373976906752e+18
4.335369219688305152e+18
4.254057291463072256e+18
4.177155323104855040e+18
4.104278580824346112e+18
4.035087739374577152e+18
3.969282215904361984e+18
3.906594662158317056e+18
3.846786384422540288e+18
3.789643512012929024e+18
3.734973773891995648e+18
3.682603772540082176e+18
3.632376666895711744e+18
3.584150193746260992e+18
3.537794970653268480e+18
3.493193034262240256e+18
3.450236576361230336e+18
3.408826846829352960e+18
3.368873198042603520e+18
3.330292249674010624e+18
3.293007156362966016e+18
3.256946963607645696e+18
3.222046039588987904e+18
3.188243572569212928e+18
3.155483125104422912e+18
3.123712237634054656e+18
3.092882075111162880e+18
3.062947111257460736e+18
3.033864845798529024e+18
3.005595550683827200e+18
2.978102041844424704e+18
2.951349473505885184e+18
2.925305152468587008e+18
2.899938370104371200e+18
2.875220250106265088e+18
2.851123610274845184e+18
2.827622836837043712e+18
2.804693769976182272e+18
2.782313599410166272e+18
2.760460768991810048e+18
2.739114889424285696e+18
2.718256658288281600e+18
2.697867786667888128e+18
2.677930931741227520e+18
2.658429634771130368e+18
2.639348263991950848e+18
2.620671961942104064e+18
2.602386596839054336e+18
2.584478717635101696e+18
2.566935512429164544e+18
2.549744769942344704e+18
2.532894843794074112e+18
2.516374619341357568e+18
2.500173482866589696e+18
2.484281292919851520e+18
2.468688353639895552e+18
2.453385389894355968e+18
2.438363524094365696e+18
2.423614254551919616e+18
2.409129435260107264e+18
2.394901256986970112e+18
2.380922229583301632e+18
2.367185165413331456e+18
2.353683163825033216e+18
2.340409596583835648e+18
2.327358094199882752e+18
2.314522533084793856e+18
2.301897023479082752e+18
2.289475898096181504e+18
2.277253701433335552e+18
2.265225179703574784e+18
2.253385271346557696e+18
2.241729098079364864e+18
2.230251956451299584e+18
2.218949309869488640e+18
2.207816781064581376e+18
2.196850144968123392e+18
2.186045321975281408e+18
2.175398371568527104e+18
2.164905486279634176e+18
2.154562985968990976e+18
2.144367312402692096e+18
2.134315024109277952e+18
2.124402791499223296e+18
2.114627392231468288e+18
2.104985706812341504e+18
2.095474714413227776e+18
2.086091488894245632e+18
2.076833195022050560e+18
2.067697084870656000e+18
2.058680494394907136e+18
2.049780840166894336e+18
2.040995616266232320e+18
2.032322391315705344e+18
2.023758805654313984e+18
2.015302568640258560e+18
2.006951456076861952e+18
1.998703307754862592e+18
1.990556025104909056e+18
1.982507568954466816e+18
1.974555957383687936e+18
1.966699263675132160e+18
1.958935614352514816e+18
1.951263187303953920e+18
1.943680209985445632e+18
1.936184957700547584e+18
1.928775751952474368e+18
1.921450958865038336e+18
1.914208987669051648e+18
1.907048289251019264e+18
1.899967354761100800e+18
1.892964714277516544e+18
1.886038935524702208e+18
1.879188622642678528e+18
1.872412415005234688e+18
1.865708986084654848e+18
1.859077042360834048e+18
1.852515322272748544e+18
1.846022595210351360e+18
1.839597660545062400e+18
1.833239346697119232e+18
1.826946510238146304e+18
1.820718035027375872e+18
1.814552831380046592e+18
1.808449835266567168e+18
1.802408007541109504e+18
1.796426333198367232e+18
1.790503820657263872e+18
1.784639501070469376e+18
1.778832427658631424e+18
1.773081675068283136e+18
1.767386338752437248e+18
1.761745534372926208e+18
1.756158397223594240e+18
1.750624081673481728e+18
1.745141760629190656e+18
1.739710625015660544e+18
1.734329883274602496e+18
1.728998760879896832e+18
1.723716499869276928e+18
1.718482358391652608e+18
1.713295610269466112e+18
1.708155544575488000e+18
1.703061465223498752e+18
1.698012690572316416e+18
1.693008553042661120e+18
1.688048398746368512e+18
1.683131587127481088e+18
1.678257490614774272e+18
1.673425494285286656e+18
1.668634995538445824e+18
1.663885403780396032e+18
1.659176140118157312e+18
1.654506637063248640e+18
1.649876338244438016e+18
1.645284698129284608e+18
1.640731181754159616e+18
1.636215264462439168e+18
1.631736431650582528e+18
1.627294178521813248e+18
1.622888009847136768e+18
1.618517439733437952e+18
1.614181991398412544e+18
1.609881196952092672e+18
1.605614597184743680e+18
1.601381741360911872e+18
1.597182187019411456e+18
1.593015499779052800e+18
1.588881253149917184e+18
1.584779028349988608e+18
1.580708414126970880e+18
1.576669006585108992e+18
1.572660409016856832e+18
1.568682231739228160e+18
1.564734091934676480e+18
1.560815613496361728e+18
1.556926426877654272e+18
1.553066168945745920e+18
1.549234482839234304e+18
1.545431017829549824e+18
1.541655429186111232e+18
1.537907378045082880e+18
1.534186531281629184e+18
1.530492561385549056e+18
1.526825146340189952e+18
1.523183969504538368e+18
1.519568719498388224e+18
1.515979090090493440e+18
1.512414780089614336e+18
1.508875493238365952e+18
1.505360938109788928e+18
1.501870828006556928e+18
1.498404880862742528e+18
1.494962819148065536e+18
1.491544369774551040e+18
1.488149264005522176e+18
1.484777237366863360e+18
1.481428029560484096e+18
1.478101384379921152e+18
1.474797049628016128e+18
1.471514777036606976e+18
1.468254322188179456e+18
1.465015444439416320e+18
1.461797906846597888e+18
1.458601476092792576e+18
1.455425922416793600e+18
1.452271019543749632e+18
1.449136544617442560e+18
1.446022278134165760e+18
1.442928003878158336e+18
1.439853508858554624e+18
1.436798583247803392e+18
1.433763020321517568e+18
1.430746616399718912e+18
1.427749170789433600e+18
1.424770485728606720e+18
1.421810366331298816e+18
1.418868620534129408e+18
1.415945059043932928e+18
1.413039495286598656e+18
1.410151745357058816e+18
1.407281627970397952e+18
1.404428964414050816e+18
1.401593578501062912e+18
1.398775296524384768e+18
1.395973947212173056e+18
1.393189361684070912e+18
1.390421373408447744e+18
1.387669818160564736e+18
1.384934533981651968e+18
1.382215361138865920e+18
1.379512142086110720e+18
1.376824721425698304e+18
1.374152945870825472e+18
1.371496664208851968e+18
1.368855727265353472e+18
1.366229987868933888e+18
1.363619300816778240e+18
1.361023522840925696e+18
1.358442512575246848e+18
1.355876130523107328e+18
1.353324239025699584e+18
1.350786702231030272e+18
1.348263386063542016e+18
1.345754158194359040e+18
1.343258888012140032e+18
1.340777446594520832e+18
1.338309706680137984e+18
1.335855542641215232e+18
1.333414830456701440e+18
1.330987447685945088e+18
1.328573273442897152e+18
1.326172188370822912e+18
1.323784074617517312e+18
1.321408815811009792e+18
1.319046297035744000e+18
1.316696404809227520e+18
1.314359027059135744e+18
1.312034053100862720e+18
1.309721373615504128e+18
1.307420880628271104e+18
1.305132467487312896e+18
1.302856028842952192e+18
1.300591460627312896e+18
1.298338660034338560e+18
1.296097525500189696e+18
1.293867956684011520e+18
1.291649854449063680e+18
1.289443120844207360e+18
1.287247659085735936e+18
1.285063373539547136e+18
1.282890169703644672e+18
1.280727954190967040e+18
1.278576634712530688e+18
1.276436120060886016e+18
1.274306320093874688e+18
1.272187145718687232e+18
1.270078508876207104e+18
1.267980322525644032e+18
1.265892500629441536e+18
1.263814958138459392e+18
1.261747610977421568e+18
1.259690376030625536e+18
1.257643171127907584e+18
1.255605915030857216e+18
1.253578527419276800e+18
1.251560928877881856e+18
1.249553040883233792e+18
1.247554785790904832e+18
1.245566086822867200e+18
1.243586868055102208e+18
1.241617054405425920e+18
1.239656571621525760e+18
1.237705346269204736e+18
1.235763305720827648e+18
1.233830378143968768e+18
1.231906492490249216e+18
1.229991578484370688e+18
1.228085566613332736e+18
1.226188388115833856e+18
1.224299974971853568e+18
1.222420259892407552e+18
1.220549176309479168e+18
1.218686658366116352e+18
1.216832640906696448e+18
1.214987059467352320e+18
1.213149850266558720e+18
1.211320950195874048e+18
1.209500296810834432e+18
1.207687828322000640e+18
1.205883483586148864e+18
1.204087202097607680e+18
1.202298923979736064e+18
1.200518589976540928e+18
1.198746141444429056e+18
1.196981520344094720e+18
1.195224669232537088e+18
1.193475531255205888e+18
1.191734050138273536e+18
1.190000170181031680e+18
1.188273836248407296e+18
1.186554993763600128e+18
1.184843588700835584e+18
1.183139567578230528e+18
1.181442877450776832e+18
1.179753465903428864e+18
1.178071281044304128e+18
1.176396271497989120e+18
1.174728386398947584e+18
1.173067575385033984e+18
1.171413788591105536e+18
1.169766976642734848e+18
1.168127090650017792e+18
1.166494082201477376e+18
1.164867903358061568e+18
1.163248506647232256e+18
1.161635845057144064e+18
1.160029872030912512e+18
1.158430541460968192e+18
1.156837807683498240e+18
1.155251625472969216e+18
1.153671950036732672e+18
1.152098737009714048e+18
1.150531942449178496e+18
1.148971522829575296e+18
1.147417435037460736e+18
1.145869636366492928e+18
1.144328084512504320e+18
1.142792737568644608e+18
1.141263554020596096e+18
1.139740492741858560e+18
1.138223512989104512e+18
1.136712574397600384e+18
1.135207636976695936e+18
1.133708661105378816e+18
1.132215607527893120e+18
1.130728437349421568e+18
1.129247112031829120e+18
1.127771593389470208e+18
1.126301843585052416e+18
1.124837825125562368e+18
1.123379500858248448e+18
1.121926833966660224e+18
1.120479787966745472e+18
1.119038326703001344e+18
1.117602414344678912e+18
1.116172015382044672e+18
1.114747094622689792e+18
1.113327617187895552e+18
1.111913548509046144e+18
1.110504854324093056e+18
1.109101500674068736e+18
1.107703453899648256e+18
1.106310680637757824e+18
1.104923147818231680e+18
1.103540822660513152e+18
1.102163672670402944e+18
1.100791665636850048e+18
1.099424769628787584e+18
1.098062952992011904e+18
1.096706184346103808e+18
1.095354432581390208e+18
1.094007666855950336e+18
1.092665856592657920e+18
1.091328971476266496e+18
1.089996981450533248e+18
1.088669856715379200e+18
1.087347567724090880e+18
1.086030085180555776e+18
1.084717380036537472e+18
1.083409423488984960e+18
1.082106186977378176e+18
1.080807642181108864e+18
1.079513761016895488e+18
1.078224515636233216e+18
1.076939878422874752e+18
1.075659821990347008e+18
1.074384319179498880e+18
1.073113343056080384e+18
1.071846866908354048e+18
1.070584864244737664e+18
1.069327308791475840e+18
1.068074174490343296e+18
1.066825435496376576e+18
1.065581066175635584e+18
1.064341041102992768e+18
1.063105335059952640e+18
1.061873923032496128e+18
1.060646780208954624e+18
1.059423881977910272e+18
1.058205203926122496e+18
1.056990721836481280e+18
1.055780411685985664e+18
1.054574249643748224e+18
1.053372212069024128e+18
1.052174275509264768e+18
1.050980416698196480e+18
1.049790612553922048e+18
1.048604840177046784e+18
1.047423076848827008e+18
1.046245300029342336e+18
1.045071487355689728e+18
1.043901616640199936e+18
1.042735665868676480e+18
1.041573613198655360e+18
1.040415436957686656e+18
1.039261115641636608e+18
1.038110627913010688e+18
1.036963952599297664e+18
1.035821068691331840e+18
1.034681955341677696e+18
1.033546591863031552e+18
1.032414957726644352e+18
1.031287032560762368e+18
1.030162796149086592e+18
1.029042228429251712e+18
1.027925309491321344e+18
1.026812019576303232e+18
1.025702339074680192e+18
1.024596248524960384e+18
1.023493728612242688e+18
1.022394760166801024e+18
1.021299324162683904e+18
1.020207401716331136e+18
1.019118974085206656e+18
1.018034022666447232e+18
1.016952528995527040e+18
1.015874474744937856e+18
1.014799841722884608e+18
1.013728611871996288e+18
1.012660767268050816e+18
1.011596290118715904e+18
1.010535162762304256e+18
1.009477367666541824e+18
1.008422887427352320e+18
1.007371704767653248e+18
1.006323802536168192e+18
1.005279163706250496e+18
1.004237771374721920e+18
1.003199608760723712e+18
1.002164659204580608e+18
1.001132906166678528e+18
1.000104333226353664e+18
9.990789240807956480e+17
9.980566625439617280e+17
9.970375325455038720e+17
9.960215181297073920e+17
9.950086034544424960e+17
9.939987727901258240e+17
9.929920105186950400e+17
9.919883011325945600e+17
9.909876292337719040e+17
9.899899795326854400e+17
9.889953368473233920e+17
9.880036861022337280e+17
9.870150123275639040e+17
9.860293006581122560e+17
9.850465363323887360e+17
9.840667046916871680e+17
9.830897911791659520e+17
9.821157813389409280e+17
9.811446608151855360e+17
9.801764153512437760e+17
9.792110307887494400e+17
9.782484930667577600e+17
9.772887882208848640e+17
9.763319023824568320e+17
9.753778217776678400e+17
9.744265327267477760e+17
9.734780216431381760e+17
9.725322750326769920e+17
9.715892794927928320e+17
9.706490217117068800e+17
9.697114884676436480e+17
9.687766666280497920e+17
9.678445431488227840e+17
9.669151050735443200e+17
9.659883395327261440e+17
9.650642337430598400e+17
9.641427750066773760e+17
9.632239507104174080e+17
9.623077483251014400e+17
9.613941554048145920e+17
9.604831595861968640e+17
9.595747485877396480e+17
9.586689102090905600e+17
9.577656323303653120e+17
9.568649029114666240e+17
9.559667099914100480e+17
9.550710416876569600e+17
9.541778861954540800e+17
9.532872317871802880e+17
9.523990668116999680e+17
9.515133796937223680e+17
9.506301589331686400e+17
9.497493931045438720e+17
9.488710708563171840e+17
9.479951809103065600e+17
9.471217120610709760e+17
9.462506531753081600e+17
9.453819931912586240e+17
9.445157211181158400e+17
9.436518260354416640e+17
9.427902970925888000e+17
9.419311235081277440e+17
9.410742945692806400e+17
9.402197996313600000e+17
9.393676281172133120e+17
9.385177695166730240e+17
9.376702133860122880e+17
9.368249493474058240e+17
9.359819670883966720e+17
9.351412563613665280e+17
9.343028069830140160e+17
9.334666088338356480e+17
9.326326518576134400e+17
9.318009260609063680e+17
9.309714215125475840e+17
9.301441283431473920e+17
9.293190367445977600e+17
9.284961369695865600e+17
9.276754193311121920e+17
9.268568742020047360e+17
9.260404920144531200e+17
9.252262632595333120e+17
9.244141784867445760e+17
9.236042283035484160e+17
9.227964033749122560e+17
9.219906944228572160e+17
9.211870922260113920e+17
9.203855876191658240e+17
9.195861714928355840e+17
9.187888347928253440e+17
9.179935685197985280e+17
9.172003637288499200e+17
9.164092115290846720e+17
9.156201030831978240e+17
9.148330296070616320e+17
9.140479823693132800e+17
9.132649526909491200e+17
9.124839319449209600e+17
9.117049115557374720e+17
9.109278829990684160e+17
9.101528378013524480e+17
9.093797675394100480e+17
9.086086638400582400e+17
9.078395183797296640e+17
9.070723228840956160e+17
9.063070691276921600e+17
9.055437489335493120e+17
9.047823541728245760e+17
9.040228767644387840e+17
9.032653086747166720e+17
9.025096419170289920e+17
9.017558685514400000e+17
9.010039806843555840e+17
9.002539704681777920e+17
8.995058301009593600e+17
8.987595518260637440e+17
8.980151279318268160e+17
8.972725507512226560e+17
8.965318126615313920e+17
8.957929060840108800e+17
8.950558234835713280e+17
8.943205573684513280e+17
8.935871002898996480e+17
8.928554448418574080e+17
8.921255836606438400e+17
8.913975094246455040e+17
8.906712148540075520e+17
8.899466927103279360e+17
8.892239357963548160e+17
8.885029369556857600e+17
8.877836890724706560e+17
8.870661850711159040e+17
8.863504179159932160e+17
8.856363806111490560e+17
8.849240662000175360e+17
8.842134677651362560e+17
8.835045784278630400e+17
8.827973913480977920e+17
8.820918997240040960e+17
8.813880967917351680e+17
8.806859758251607040e+17
8.799855301355976960e+17
8.792867530715426560e+17
8.785896380184057600e+17
8.778941783982488320e+17
8.772003676695232000e+17
8.765081993268131840e+17
8.758176669005783040e+17
8.751287639568999680e+17
8.744414840972296960e+17
8.737558209581392640e+17
8.730717682110735360e+17
8.723893195621050880e+17
8.717084687516906240e+17
8.710292095544305920e+17
8.703515357788290560e+17
8.696754412670577920e+17
8.690009198947200000e+17
8.683279655706188800e+17
8.676565722365251840e+17
8.669867338669488640e+17
8.663184444689116160e+17
8.656516980817223680e+17
8.649864887767530240e+17
8.643228106572172800e+17
8.636606578579522560e+17
8.630000245451987200e+17
8.623409049163868160e+17
8.616832931999220480e+17
8.610271836549715200e+17
8.603725705712551680e+17
8.597194482688358400e+17
8.590678110979129600e+17
8.584176534386172160e+17
8.577689697008064000e+17
8.571217543238641920e+17
8.564760017764997120e+17
8.558317065565489920e+17
8.551888631907779840e+17
8.545474662346874880e+17
8.539075102723193600e+17
8.532689899160641280e+17
8.526318998064714240e+17
8.519962346120596480e+17
8.513619890291299840e+17
8.507291577815795200e+17
8.500977356207174400e+17
8.494677173250821120e+17
8.488390977002594560e+17
8.482118715787034880e+17
8.475860338195576320e+17
8.469615793084775680e+17
8.463385029574565120e+17
8.457167997046498560e+17
8.450964645142035200e+17
8.444774923760821760e+17
8.438598783058991360e+17
8.432436173447485440e+17
8.426287045590366720e+17
8.420151350403180800e+17
8.414029039051289600e+17
8.407920062948253440e+17
8.401824373754206720e+17
8.395741923374248960e+17
8.389672663956857600e+17
8.383616547892296960e+17
8.377573527811061760e+17
8.371543556582307840e+17
8.365526587312322560e+17
8.359522573342981120e+17
8.353531468250229760e+17
8.347553225842584320e+17
8.341587800159626240e+17
8.335635145470525440e+17
8.329695216272564480e+17
8.323767967289674240e+17
8.317853353470991360e+17
8.311951329989415680e+17
8.306061852240186880e+17
8.300184875839461120e+17
8.294320356622917120e+17
8.288468250644353280e+17
8.282628514174307840e+17
8.276801103698685440e+17
8.270985975917399040e+17
8.265183087743013120e+17
8.259392396299406080e+17
8.253613858920440320e+17
8.247847433148637440e+17
8.242093076733876480e+17
8.236350747632083200e+17
8.230620404003946240e+17
8.224902004213638400e+17
8.219195506827539200e+17
8.213500870612981760e+17
8.207818054536994560e+17
8.202147017765066240e+17
8.196487719659905280e+17
8.190840119780225280e+17
8.185204177879526400e+17
8.179579853904892160e+17
8.173967107995790080e+17
8.168365900482892800e+17
8.162776191886895360e+17
8.157197942917347840e+17
8.151631114471491840e+17
8.146075667633114880e+17
8.140531563671407360e+17
8.134998764039820800e+17
8.129477230374954240e+17
8.123966924495425280e+17
8.118467808400769280e+17
8.112979844270336000e+17
8.107502994462196480e+17
8.102037221512057600e+17
8.096582488132189440e+17
8.091138757210353920e+17
8.085705991808747520e+17
8.080284155162941440e+17
8.074873210680843520e+17
8.069473121941661440e+17
8.064083852694867200e+17
8.058705366859180800e+17
8.053337628521550080e+17
8.047980601936151040e+17
8.042634251523380480e+17
8.037298541868870400e+17
8.031973437722492160e+17
8.026658903997393920e+17
8.021354905769015040e+17
8.016061408274129920e+17
8.010778376909890560e+17
8.005505777232875520e+17
8.000243574958142720e+17
7.994991735958300160e+17
7.989750226262574080e+17
7.984519012055882240e+17
7.979298059677922560e+17
7.974087335622260480e+17
7.968886806535425280e+17
7.963696439216017920e+17
7.958516200613816320e+17
7.953346057828890880e+17
7.948185978110734080e+17
7.943035928857378560e+17
7.937895877614539520e+17
7.932765792074752000e+17
7.927645640076523520e+17
7.922535389603480320e+17
7.917435008783527680e+17
7.912344465888021760e+17
7.907263729330931200e+17
7.902192767668020480e+17
7.897131549596032000e+17
7.892080043951869440e+17
7.887038219711797760e+17
7.882006045990639360e+17
7.876983492040984320e+17
7.871970527252391680e+17
7.866967121150617600e+17
7.861973243396829440e+17
7.856988863786832640e+17
7.852013952250312960e+17
7.847048478850059520e+17
7.842092413781222400e+17
7.837145727370552320e+17
7.832208390075659520e+17
7.827280372484266240e+17
7.822361645313482240e+17
7.817452179409059840e+17
7.812551945744678400e+17
7.807660915421219840e+17
7.802779059666055680e+17
7.797906349832328960e+17
7.793042757398257920e+17
7.788188253966425600e+17
7.783342811263089920e+17
7.778506401137492480e+17
7.773678995561163520e+17
7.768860566627251200e+17
7.764051086549831680e+17
7.759250527663247360e+17
7.754458862421432320e+17
7.749676063397250560e+17
7.744902103281832960e+17
7.740136954883930880e+17
7.735380591129251840e+17
7.730632985059828480e+17
7.725894109833368320e+17
7.721163938722618880e+17
7.716442445114728960e+17
7.711729602510632960e+17
7.707025384524408320e+17
7.702329764882672640e+17
7.697642717423953920e+17
7.692964216098087680e+17
7.688294234965602560e+17
7.683632748197118720e+17
7.678979730072748800e+17
7.674335154981498880e+17
7.669698997420683520e+17
7.665071231995325440e+17
7.660451833417582080e+17
7.655840776506163200e+17
7.651238036185749760e+17
7.646643587486425600e+17
7.642057405543104000e+17
7.637479465594969600e+17
7.632909742984912640e+17
7.628348213158968320e+17
7.623794851665766400e+17
7.619249634155980800e+17
7.614712536381784320e+17
7.610183534196296960e+17
7.605662603553057280e+17
7.601149720505482240e+17
7.596644861206325760e+17
7.592148001907164160e+17
7.587659118957861120e+17
7.583178188806045440e+17
7.578705187996595200e+17
7.574240093171120640e+17
7.569782881067454720e+17
7.565333528519136000e+17
7.560892012454913280e+17
7.556458309898233600e+17
7.552032397966750720e+17
7.547614253871825920e+17
7.543203854918035200e+17
7.538801178502677760e+17
7.534406202115292160e+17
7.530018903337173760e+17
7.525639259840890880e+17
7.521267249389811200e+17
7.516902849837625600e+17
7.512546039127874560e+17
7.508196795293486080e+17
7.503855096456304640e+17
7.499520920826634240e+17
7.495194246702775040e+17
7.490875052470566400e+17
7.486563316602936320e+17
7.482259017659452160e+17
7.477962134285867520e+17
7.473672645213680640e+17
7.469390529259691520e+17
7.465115765325565440e+17
7.460848332397390080e+17
7.456588209545249280e+17
7.452335375922782720e+17
7.448089810766767360e+17
7.443851493396684800e+17
7.439620403214301440e+17
7.435396519703246080e+17
7.431179822428593920e+17
7.426970291036448000e+17
7.422767905253532160e+17
7.418572644886776320e+17
7.414384489822910720e+17
7.410203420028060160e+17
7.406029415547342080e+17
7.401862456504465920e+17
7.397702523101336320e+17
7.393549595617660160e+17
7.389403654410545920e+17
7.385264679914127360e+17
7.381132652639159040e+17
7.377007553172645120e+17
7.372889362177447680e+17
7.368778060391909120e+17
7.364673628629474560e+17
7.360576047778315520e+17
7.356485298800949760e+17
7.352401362733884160e+17
7.348324220687228160e+17
7.344253853844340480e+17
7.340190243461459200e+17
7.336133370867335680e+17
7.332083217462881280e+17
7.328039764720803840e+17
7.324002994185254400e+17
7.319972887471472640e+17
7.315949426265434880e+17
7.311932592323505920e+17
7.307922367472088320e+17
7.303918733607281920e+17
7.299921672694535680e+17
7.295931166768309760e+17
7.291947197931736320e+17
7.287969748356279040e+17
7.283998800281402880e+17
7.280034336014237440e+17
7.276076337929246720e+17
7.272124788467900160e+17
7.268179670138347520e+17
7.264240965515088640e+17
7.260308657238654720e+17
7.256382728015285760e+17
7.252463160616610560e+17
7.248549937879330560e+17
7.244643042704901120e+17
7.240742458059221760e+17
7.236848166972320000e+17
7.232960152538046720e+17
7.229078397913760000e+17
7.225202886320028160e+17
7.221333601040317440e+17
7.217470525420693760e+17
7.213613642869516800e+17
7.209762936857146880e+17
7.205918390915644160e+17
7.202079988638471680e+17
7.198247713680204800e+17
7.194421549756232960e+17
7.190601480642475520e+17
7.186787490175092480e+17
7.182979562250188800e+17
7.179177680823540480e+17
7.175381829910302720e+17
7.171591993584727040e+17
7.167808155979891200e+17
7.164030301287404800e+17
7.160258413757145600e+17
7.156492477696971520e+17
7.152732477472458240e+17
7.148978397506617600e+17
7.145230222279633920e+17
7.141487936328586240e+17
7.137751524247187200e+17
7.134020970685514240e+17
7.130296260349743360e+17
7.126577378001888000e+17
7.122864308459536640e+17
7.119157036595594240e+17
7.115455547338016000e+17
7.111759825669559040e+17
7.108069856627523840e+17
7.104385625303495680e+17
7.100707116843098880e+17
7.097034316445734400e+17
7.093367209364345600e+17
7.089705780905152000e+17
7.086050016427415040e+17
7.082399901343188480e+17
7.078755421117070080e+17
7.075116561265960960e+17
7.071483307358826240e+17
7.067855645016454400e+17
7.064233559911214080e+17
7.060617037766817280e+17
7.057006064358090240e+17
7.053400625510727680e+17
7.049800707101066240e+17
7.046206295055851520e+17
7.042617375352003840e+17
7.039033934016389120e+17
7.035455957125596160e+17
7.031883430805702400e+17
7.028316341232047360e+17
7.024754674629016320e+17
7.021198417269806080e+17
7.017647555476215040e+17
7.014102075618408960e+17
7.010561964114711040e+17
7.007027207431380480e+17
7.003497792082392320e+17
6.999973704629223680e+17
6.996454931680645120e+17
6.992941459892491520e+17
6.989433275967467520e+17
6.985930366654919680e+17
6.982432718750639360e+17
6.978940319096646400e+17
6.975453154580981760e+17
6.971971212137507840e+17
6.968494478745689600e+17
6.965022941430401280e+17
6.961556587261720320e+17
