9.301112484768140121e+02
8.601936244722270430e+02
8.039923882509156101e+02
7.575392764630533975e+02
7.183072255059547615e+02
6.846004533293726126e+02
6.552329868591272088e+02
6.293471467862472082e+02
6.063052463291984395e+02
5.856219823349110811e+02
5.669206020140157989e+02
5.499035565320051546e+02
5.343323030772563698e+02
5.200130653289534166e+02
5.067865805440010831e+02
4.945205779740334719e+02
4.831041683585766577e+02
4.724435959404937648e+02
4.624589784595715969e+02
4.530817745659576303e+02
4.442527942968874299e+02
4.359206201513310930e+02
4.280403422329200112e+02
4.205725362037721879e+02
4.134824308180023991e+02
4.067392248301362656e+02
4.003155226013054175e+02
3.941868647731461692e+02
3.883313356461608805e+02
3.827292328740583685e+02
3.773627881126150214e+02
3.722159295865582749e+02
3.672740793380417017e+02
3.625239793244614361e+02
3.579535416365287688e+02
3.535517189800048641e+02
3.493083922589332815e+02
3.452142726542491005e+02
3.412608160394043466e+02
3.374401479371746291e+02
3.337449975168403853e+02
3.301686393722053481e+02
3.267048420191524656e+02
3.233478222150363308e+02
3.200922043378079138e+02
3.169329841756076007e+02
3.138654965718321819e+02
3.108853864497366430e+02
3.079885828071595597e+02
3.051712753281419168e+02
3.024298933058123566e+02
2.997610866113696488e+02
2.971617084784884923e+02
2.946287999019696144e+02
2.921595754747492037e+02
2.897514105091290162e+02
2.874018293068409662e+02
2.851084944587635164e+02
2.828691970691518804e+02
2.806818478114387290e+02
2.785444687332788476e+02
2.764551857377762190e+02
2.744122216759292314e+02
2.724138899924280395e+02
2.704585888731672298e+02
2.685447958483199500e+02
2.666710628096486175e+02
2.648360114049936556e+02
2.630383287766564422e+02
2.612767636137343175e+02
2.595501224914347631e+02
2.578572664730357928e+02
2.561971079525077357e+02
2.545686077179087761e+02
2.529707722175404569e+02
2.514026510125214315e+02
2.498633344009414827e+02
2.483519512001028602e+02
2.468676666745658110e+02
2.454096805988032202e+02
2.439772254442503083e+02
2.425695646814182567e+02
2.411859911885397025e+02
2.398258257589355935e+02
2.384884156999463301e+02
2.371731335168623502e+02
2.358793756758259974e+02
2.346065614401649952e+02
2.333541317750612336e+02
2.321215483158624977e+02
2.309082923957122659e+02
2.297138641285089307e+02
2.285377815435115281e+02
2.273795797681894726e+02
2.262388102561694154e+02
2.251150400573675086e+02
2.240078511276093423e+02
2.229168396752373269e+02
2.218416155423865916e+02
2.207818016187756882e+02
2.197370332860123483e+02
2.187069578905542926e+02
2.176912342435948631e+02
2.166895321462634172e+02
2.157015319386394481e+02
2.147269240711816281e+02
2.137654086972672189e+02
2.128166952856237515e+02
2.118805022515151109e+02
2.109565566056192267e+02
2.100445936196027503e+02
2.091443565074627600e+02
2.082555961217639151e+02
2.073780706639558673e+02
2.065115454080052189e+02
2.056557924366254326e+02
2.048105903894312121e+02
2.039757242223856792e+02
2.031509849779466492e+02
2.023361695653539698e+02
2.015310805505337726e+02
2.007355259551256381e+02
1.999493190641685203e+02
1.991722782420077635e+02
1.984042267560110133e+02
1.976449926077050634e+02
1.968944083709663744e+02
1.961523110369206506e+02
1.954185418652243698e+02
1.946929462414206000e+02
1.939753735400780954e+02
1.932656769934386602e+02
1.925637135653120140e+02
1.918693438299733600e+02
1.911824318558296056e+02
1.905028450936347895e+02
1.898304542690453331e+02
1.891651332793178710e+02
1.885067590939619038e+02
1.878552116591696119e+02
1.872103738058545446e+02
1.865721311611386852e+02
1.859403720631368060e+02
1.853149874788934142e+02
1.846958709253354129e+02
1.840829183931106456e+02
1.834760282731884899e+02
1.828751012861046092e+02
1.822800404137386465e+02
1.816907508335178534e+02
1.811071398549454159e+02
1.805291168583573551e+02
1.799565932358159444e+02
1.793894823340516780e+02
1.788276993993714541e+02
1.782711615244521113e+02
1.777197875969445420e+02
1.771734982498155375e+02
1.766322158133585845e+02
1.760958642688073326e+02
1.755643692034894059e+02
1.750376577674600753e+02
1.745156586315585514e+02
1.739983019468321004e+02
1.734855193052754316e+02
1.729772437018355618e+02
1.724734094976338952e+02
1.719739523843598192e+02
1.714788093497923001e+02
1.709879186444066761e+02
1.705012197490275412e+02
1.700186533434883245e+02
1.695401612762613013e+02
1.690656865350225360e+02
1.685951732181177363e+02
1.681285665068971014e+02
1.676658126388875019e+02
1.672068588817726891e+02
1.667516535081524296e+02
1.663001457710538205e+02
1.658522858801676136e+02
1.654080249787850789e+02
1.649673151214106781e+02
1.645301092520274437e+02
1.640963611829925242e+02
1.636660255745417771e+02
1.632390579148822098e+02
1.628154145008529667e+02
1.623950524191354532e+02
1.619779295279944051e+02
1.615640044395321411e+02
1.611532365024391709e+02
1.607455857852248187e+02
1.603410130599119441e+02
1.599394797861810673e+02
1.595409480959489201e+02
1.591453807783675529e+02
1.587527412652308385e+02
1.583629936167746735e+02
1.579761025078591672e+02
1.575920332145201428e+02
1.572107516008785808e+02
1.568322241063967510e+02
1.564564177334704880e+02
1.560833000353465820e+02
1.557128391043559077e+02
1.553450035604521986e+02
1.549797625400472896e+02
1.546170856851338158e+02
1.542569431326863310e+02
1.538993055043331708e+02
1.535441438962901088e+02
1.531914298695485570e+02
1.528411354403106657e+02
1.524932330706635923e+02
1.521476956594865442e+02
1.518044965335832899e+02
1.514636094390336893e+02
1.511250085327580166e+02
1.507886683742876244e+02
1.504545639177364080e+02
1.501226705039668161e+02
1.497929638529453769e+02
1.494654200562819426e+02
1.491400155699476215e+02
1.488167272071663945e+02
1.484955321314755849e+02
1.481764078499500670e+02
1.478593322065862594e+02
1.475442833758412746e+02
1.472312398563223041e+02
1.469201804646233711e+02
1.466110843293042478e+02
1.463039308850082136e+02
1.459986998667149578e+02
1.456953713041246488e+02
1.453939255161699009e+02
1.450943431056521717e+02
1.447966049539991218e+02
1.445006922161398677e+02
1.442065863154950591e+02
1.439142689390785677e+02
1.436237220327079172e+02
1.433349277963208976e+02
1.430478686793949237e+02
1.427625273764673466e+02
1.424788868227534238e+02
1.421969301898597280e+02
1.419166408815904958e+02
1.416380025298445844e+02
1.413609989906006206e+02
1.410856143399882399e+02
1.408118328704432827e+02
1.405396390869444758e+02
1.402690177033301211e+02
1.399999536386923467e+02
1.397324320138471307e+02
1.394664381478783923e+02
1.392019575547539318e+02
1.389389759400119146e+02
1.386774791975159360e+02
1.384174534062768487e+02
1.381588848273400458e+02
1.379017599007363799e+02
1.376460652424954390e+02
1.373917876417192474e+02
1.371389140577153967e+02
1.368874316171880423e+02
1.366373276114852047e+02
1.363885894939012928e+02
1.361412048770333456e+02
1.358951615301900517e+02
1.356504473768517869e+02
1.354070504921810993e+02
1.351649591005819104e+02
1.349241615733065771e+02
1.346846464261099072e+02
1.344464023169485074e+02
1.342094180437249804e+02
1.339736825420755508e+02
1.337391848832003518e+02
1.335059142717354916e+02
1.332738600436653655e+02
1.330430116642753546e+02
1.328133587261427806e+02
1.325848909471664854e+02
1.323575981686329612e+02
1.321314703533192585e+02
1.319064975836313920e+02
1.316826700597771378e+02
1.314599780979733055e+02
1.312384121286858942e+02
1.310179626949028773e+02
1.307986204504388752e+02
1.305803761582707807e+02
1.303632206889040503e+02
1.301471450187684979e+02
1.299321402286435898e+02
1.297181975021117637e+02
1.295053081240403685e+02
1.292934634790901782e+02
1.290826550502512191e+02
1.288728744174044039e+02
1.286641132559091147e+02
1.284563633352155989e+02
1.282496165175020053e+02
1.280438647563355801e+02
1.278391000953572956e+02
1.276353146669896432e+02
1.274325006911669362e+02
1.272306504740876676e+02
1.270297564069887670e+02
1.268298109649408332e+02
1.266308067056643267e+02
1.264327362683660425e+02
1.262355923725956046e+02
1.260393678171214304e+02
1.258440554788259362e+02
1.256496483116194440e+02
1.254561393453726055e+02
1.252635216848666602e+02
1.250717885087615855e+02
1.248809330685814558e+02
1.246909486877167126e+02
1.245018287604432601e+02
1.243135667509576621e+02
1.241261561924285814e+02
1.239395906860636956e+02
1.237538639001920870e+02
1.235689695693616699e+02
1.233849014934515083e+02
1.232016535367984602e+02
1.230192196273382308e+02
1.228375937557602668e+02
1.226567699746763935e+02
1.224767423978027523e+02
1.222975051991550970e+02
1.221190526122568230e+02
1.219413789293598711e+02
1.217644785006778108e+02
1.215883457336313569e+02
1.214129750921057678e+02
1.212383610957198812e+02
1.210644983191069315e+02
1.208913813912064370e+02
1.207190049945673138e+02
1.205473638646619179e+02
1.203764527892106315e+02
1.202062666075171506e+02
1.200368002098139328e+02
1.198680485366178488e+02
1.197000065780957243e+02
1.195326693734396883e+02
1.193660320102520132e+02
1.192000896239394478e+02
1.190348373971167746e+02
1.188702705590193744e+02
1.187063843849247888e+02
1.185431741955829921e+02
1.183806353566551479e+02
1.182187632781610773e+02
1.180575534139346701e+02
1.178970012610877660e+02
1.177371023594818240e+02
1.175778522912075346e+02
1.174192466800720922e+02
1.172612811910941559e+02
1.171039515300061566e+02
1.169472534427640795e+02
1.167911827150641670e+02
1.166357351718670827e+02
1.164809066769286545e+02
1.163266931323376809e+02
1.161730904780603879e+02
1.160200946914914510e+02
1.158677017870115549e+02
1.157159078155512759e+02
1.155647088641613465e+02
1.154141010555888442e+02
1.152640805478597628e+02
1.151146435338672660e+02
1.149657862409659117e+02
1.148175049305716868e+02
1.146697958977675000e+02
1.145226554709145432e+02
1.143760800112688258e+02
1.142300659126033224e+02
1.140846096008352504e+02
1.139397075336586482e+02
1.137953562001821126e+02
1.136515521205713526e+02
1.135082918456970731e+02
1.133655719567873064e+02
1.132233890650848309e+02
1.130817398115092800e+02
1.129406208663237123e+02
1.128000289288059435e+02
1.126599607269242398e+02
1.125204130170175176e+02
1.123813825834798479e+02
1.122428662384491815e+02
1.121048608215003952e+02
1.119673631993424436e+02
1.118303702655195053e+02
1.116938789401162921e+02
1.115578861694670962e+02
1.114223889258689724e+02
1.112873842072985724e+02
1.111528690371327599e+02
1.110188404638729907e+02
1.108852955608733026e+02
1.107522314260719298e+02
1.106196451817263693e+02
1.104875339741520435e+02
1.103558949734642738e+02
1.102247253733237358e+02
1.100940223906851259e+02
1.099637832655492247e+02
1.098340052607180297e+02
1.097046856615531851e+02
1.095758217757374808e+02
1.094474109330394072e+02
1.093194504850808215e+02
1.091919378051074432e+02
1.090648702877624459e+02
1.089382453488628641e+02
1.088120604251788563e+02
1.086863129742157668e+02
1.085610004739989591e+02
1.084361204228613644e+02
1.083116703392337712e+02
1.081876477614376881e+02
1.080640502474807647e+02
1.079408753748549401e+02
1.078181207403369228e+02
1.076957839597913562e+02
1.075738626679762149e+02
1.074523545183509015e+02
1.073312571828863611e+02
1.072105683518779244e+02
1.070902857337601546e+02
1.069704070549241663e+02
1.068509300595371059e+02
1.067318525093638613e+02
1.066131721835909048e+02
1.064948868786524372e+02
1.063769944080584224e+02
1.062594926022249240e+02
1.061423793083063885e+02
1.060256523900299470e+02
1.059093097275317632e+02
1.057933492171953702e+02
1.056777687714918557e+02
1.055625663188220642e+02
1.054477398033606335e+02
1.053332871849019057e+02
1.052192064387077153e+02
1.051054955553568817e+02
1.049921525405965923e+02
1.048791754151955047e+02
1.047665622147985403e+02
1.046543109897835109e+02
1.045424198051192946e+02
1.044308867402257448e+02
1.043197098888352485e+02
1.042088873588558329e+02
1.040984172722360057e+02
1.039882977648310174e+02
1.038785269862707565e+02
1.037691030998291382e+02
1.036600242822950690e+02
1.035512887238448485e+02
1.034428946279159618e+02
1.033348402110825930e+02
1.032271237029321469e+02
1.031197433459436184e+02
1.030126973953670557e+02
1.029059841191044598e+02
1.027996017975922030e+02
1.026935487236844722e+02
1.025878232025383596e+02
1.024824235515000339e+02
1.023773480999922327e+02
1.022725951894031482e+02
1.021681631729763495e+02
1.020640504157021411e+02
1.019602552942100147e+02
1.018567761966623237e+02
1.017536115226491802e+02
1.016507596830844733e+02
1.015482191001030969e+02
1.014459882069592425e+02
1.013440654479258711e+02
1.012424492781952523e+02
1.011411381637807096e+02
1.010401305814192625e+02
1.009394250184754611e+02
1.008390199728462733e+02
1.007389139528669375e+02
1.006391054772179388e+02
1.005395930748329079e+02
1.004403752848075300e+02
1.003414506563095756e+02
1.002428177484896139e+02
1.001444751303930900e+02
1.000464213808729141e+02
9.994865508850335800e+01
9.985117485149471861e+01
9.975397927760874950e+01
9.965706698407532826e+01
9.956043659750973518e+01
9.946408675383094078e+01
9.936801609818068926e+01
9.927222328484353397e+01
9.917670697716764039e+01
9.908146584748641317e+01
9.898649857704107546e+01
9.889180385590385924e+01
9.879738038290226143e+01
9.870322686554379743e+01
9.860934201994177783e+01
9.851572457074180988e+01
9.842237325104895262e+01
9.832928680235573893e+01
9.823646397447093648e+01
9.814390352544899088e+01
9.805160422152029298e+01
9.795956483702202888e+01
9.786778415432989675e+01
9.777626096379036369e+01
9.768499406365380366e+01
9.759398226000811860e+01
9.750322436671325477e+01
9.741271920533620232e+01
9.732246560508669120e+01
9.723246240275369701e+01
9.714270844264237326e+01
9.705320257651176519e+01
9.696394366351309202e+01
9.687493057012871134e+01
9.678616217011162348e+01
9.669763734442562964e+01
9.660935498118608677e+01
9.652131397560125947e+01
9.643351322991422592e+01
9.634595165334542344e+01
9.625862816203570560e+01
9.617154167898999617e+01
9.608469113402151152e+01
9.599807546369655142e+01
9.591169361127971627e+01
9.582554452667986311e+01
9.573962716639645976e+01
9.565394049346642191e+01
9.556848347741168936e+01
9.548325509418704371e+01
9.539825432612862244e+01
9.531348016190294459e+01
9.522893159645622063e+01
9.514460763096447238e+01
9.506050727278383761e+01
9.497662953540161368e+01
9.489297343838754273e+01
9.480953800734575054e+01
9.472632227386705495e+01
9.464332527548175733e+01
9.456054605561287474e+01
9.447798366352988353e+01
9.439563715430278990e+01
9.431350558875679724e+01
9.423158803342714407e+01
9.414988356051482299e+01
9.406839124784215755e+01
9.398711017880927443e+01
9.390603944235071765e+01
9.382517813289257447e+01
9.374452535031007017e+01
9.366408019988527656e+01
9.358384179226572996e+01
9.350380924342279343e+01
9.342398167461104208e+01
9.334435821232757746e+01
9.326493798827192450e+01
9.318572013930624109e+01
9.310670380741596830e+01
9.302788813967077886e+01
9.294927228818582421e+01
9.287085541008360678e+01
9.279263666745582384e+01
9.271461522732590765e+01
9.263679026161167940e+01
9.255916094708851460e+01
9.248172646535270758e+01
9.240448600278523372e+01
9.232743875051586713e+01
9.225058390438763922e+01
9.217392066492149638e+01
9.209744823728145491e+01
9.202116583123995497e+01
9.194507266114352717e+01
9.186916794587891388e+01
9.179345090883923319e+01
9.171792077789079656e+01
9.164257678533984119e+01
9.156741816789990196e+01
9.149244416665932533e+01
9.141765402704895394e+01
9.134304699881039369e+01
9.126862233596430940e+01
9.119437929677911825e+01
9.112031714373992486e+01
9.104643514351778322e+01
9.097273256693921439e+01
9.089920868895589479e+01
9.082586278861478490e+01
9.075269414902841447e+01
9.067970205734542333e+01
9.060688580472144338e+01
9.053424468629012267e+01
9.046177800113454737e+01
9.038948505225873475e+01
9.031736514655959525e+01
9.024541759479892278e+01
9.017364171157578312e+01
9.010203681529907271e+01
9.003060222816031910e+01
8.995933727610680819e+01
8.988824128881472575e+01
8.981731359966281047e+01
8.974655354570609234e+01
8.967596046764975881e+01
8.960553370982347587e+01
8.953527262015573740e+01
8.946517655014852721e+01
8.939524485485218008e+01
8.932547689284048431e+01
8.925587202618592642e+01
8.918642962043523426e+01
8.911714904458501962e+01
8.904802967105781875e+01
8.897907087567809015e+01
8.891027203764858200e+01
8.884163253952689843e+01
8.877315176720220791e+01
8.870482910987212222e+01
8.863666396001984538e+01
8.856865571339153576e+01
8.850080376897369661e+01
8.843310752897099292e+01
8.836556639878402564e+01
8.829817978698746117e+01
8.823094710530826035e+01
8.816386776860409213e+01
8.809694119484200314e+01
8.803016680507711555e+01
8.796354402343166612e+01
8.789707227707411619e+01
8.783075099619850334e+01
8.776457961400383567e+01
8.769855756667382707e+01
8.763268429335676046e+01
8.756695923614532262e+01
8.750138184005690789e+01
8.743595155301386512e+01
8.737066782582400037e+01
8.730553011216116488e+01
8.724053786854615566e+01
8.717569055432758773e+01
8.711098763166299364e+01
8.704642856550016461e+01
8.698201282355849173e+01
8.691773987631057707e+01
8.685360919696394433e+01
8.678962026144289155e+01
8.672577254837052863e+01
8.666206553905088583e+01
8.659849871745124972e+01
8.653507157018462692e+01
8.647178358649229324e+01
8.640863425822655586e+01
8.634562307983355822e+01
8.628274954833632648e+01
8.622001316331792964e+01
8.615741342690465387e+01
8.609494984374956061e+01
8.603262192101584560e+01
8.597042916836068116e+01
8.590837109791885950e+01
8.584644722428684815e+01
8.578465706450673167e+01
8.572300013805048025e+01
8.566147596680424670e+01
8.560008407505269190e+01
8.553882398946367971e+01
8.547769523907284395e+01
8.541669735526845386e+01
8.535582987177623693e+01
8.529509232464451429e+01
8.523448425222927938e+01
8.517400519517944701e+01
8.511365469642232995e+01
8.505343230114900166e+01
8.499333755680000024e+01
8.493337001305096123e+01
8.487352922179853465e+01
8.481381473714627361e+01
8.475422611539063666e+01
8.469476291500724585e+01
8.463542469663703116e+01
8.457621102307270178e+01
8.451712145924513209e+01
8.445815557220998926e+01
8.439931293113437505e+01
8.434059310728360970e+01
8.428199567400815795e+01
8.422352020673055506e+01
8.416516628293248914e+01
8.410693348214202558e+01
8.404882138592081731e+01
8.399082957785152814e+01
8.393295764352527044e+01
8.387520517052919899e+01
8.381757174843413338e+01
8.376005696878230822e+01
8.370266042507523707e+01
8.364538171276166167e+01
8.358822042922548690e+01
8.353117617377402837e+01
8.347424854762610380e+01
8.341743715390036584e+01
8.336074159760370605e+01
8.330416148561965883e+01
8.324769642669701852e+01
8.319134603143841389e+01
8.313510991228912417e+01
8.307898768352573882e+01
8.302297896124520094e+01
8.296708336335365175e+01
8.291130050955557351e+01
8.285563002134287558e+01
8.280007152198410836e+01
8.274462463651376254e+01
8.268928899172165359e+01
8.263406421614237729e+01
8.257894994004475109e+01
8.252394579542155384e+01
8.246905141597912348e+01
8.241426643712709676e+01
8.235959049596829118e+01
8.230502323128858677e+01
8.225056428354687910e+01
8.219621329486516004e+01
8.214196990901865547e+01
8.208783377142599136e+01
8.203380452913940246e+01
8.197988183083521108e+01
8.192606532680409259e+01
8.187235466894165370e+01
8.181874951073886848e+01
8.176524950727281293e+01
8.171185431519724318e+01
8.165856359273334419e+01
8.160537699966066327e+01
8.155229419730783036e+01
8.149931484854359098e+01
8.144643861776776816e+01
8.139366517090239483e+01
8.134099417538278942e+01
8.128842530014875933e+01
8.123595821563591812e+01
8.118359259376693160e+01
8.113132810794293448e+01
8.107916443303498966e+01
8.102710124537560432e+01
8.097513822275023188e+01
8.092327504438893016e+01
8.087151139095811914e+01
8.081984694455218232e+01
8.076828138868535234e+01
8.071681440828358234e+01
8.066544568967640316e+01
8.061417492058893686e+01
8.056300179013392437e+01
8.051192598880375328e+01
8.046094720846269865e+01
8.041006514233896496e+01
8.035927948501711171e+01
8.030858993243020905e+01
8.025799618185224915e+01
8.020749793189057186e+01
8.015709488247826187e+01
8.010678673486675905e+01
8.005657319161826990e+01
8.000645395659857684e+01
7.995642873496954905e+01
7.990649723318186659e+01
7.985665915896790068e+01
7.980691422133442359e+01
7.975726213055548897e+01
7.970770259816535486e+01
7.965823533695150616e+01
7.960886006094754919e+01
7.955957648542631944e+01
7.951038432689306035e+01
7.946128330307841736e+01
7.941227313293180146e+01
7.936335353661451109e+01
7.931452423549305308e+01
7.926578495213254882e+01
7.921713541028998407e+01
7.916857533490774301e+01
7.912010445210702869e+01
7.907172248918138280e+01
7.902342917459024818e+01
7.897522423795253133e+01
7.892710741004032116e+01
7.887907842277247994e+01
7.883113700920846156e+01
7.878328290354201613e+01
7.873551584109500823e+01
7.868783555831129206e+01
7.864024179275060078e+01
7.859273428308245002e+01
7.854531276908014092e+01
7.849797699161479159e+01
7.845072669264932586e+01
7.840356161523259004e+01
7.835648150349356911e+01
7.830948610263538967e+01
7.826257515892970673e+01
7.821574841971080616e+01
7.816900563336999141e+01
7.812234654934982814e+01
7.807577091813854508e+01
7.802927849126446347e+01
7.798286902129032683e+01
7.793654226180787248e+01
7.789029796743228928e+01
7.784413589379677489e+01
7.779805579754706457e+01
7.775205743633613054e+01
7.770614056881876763e+01
7.766030495464625005e+01
7.761455035446111594e+01
7.756887652989190940e+01
7.752328324354790823e+01
7.747777025901397963e+01
7.743233734084540743e+01
7.738698425456283303e+01
7.734171076664713951e+01
7.729651664453436410e+01
7.725140165661072444e+01
7.720636557220761631e+01
7.716140816159671090e+01
7.711652919598492417e+01
7.707172844750964202e+01
7.702700568923380331e+01
7.698236069514102553e+01
7.693779324013094367e+01
7.689330310001429325e+01
7.684889005150829178e+01
7.680455387223184971e+01
7.676029434070092350e+01
7.671611123632391127e+01
7.667200433939692061e+01
7.662797343109933479e+01
7.658401829348910894e+01
7.654013870949835052e+01
7.649633446292874339e+01
7.645260533844709983e+01
7.640895112158092672e+01
7.636537159871399183e+01
7.632186655708191836e+01
7.627843578476787911e+01
7.623507907069817691e+01
7.619179620463802394e+01
7.614858697718719327e+01
7.610545117977578400e+01
7.606238860466002905e+01
7.601939904491801769e+01
7.597648229444561707e+01
7.593363814795222311e+01
7.589086640095671044e+01
7.584816684978325441e+01
7.580553929155739468e+01
7.576298352420181459e+01
7.572049934643244740e+01
7.567808655775444038e+01
7.563574495845814738e+01
7.559347434961520662e+01
7.555127453307464691e+01
7.550914531145889441e+01
7.546708648816003517e+01
7.542509786733579347e+01
7.538317925390586538e+01
7.534133045354799663e+01
7.529955127269423087e+01
7.525784151852717230e+01
7.521620099897624812e+01
7.517462952271394272e+01
7.513312689915217391e+01
7.509169293843856963e+01
7.505032745145285844e+01
7.500903024980318889e+01
7.496780114582261945e+01
7.492663995256542364e+01
7.488554648380362266e+01
7.484452055402341841e+01
7.480356197842164079e+01
7.476267057290228024e+01
7.472184615407303454e+01
7.468108853924182711e+01
7.464039754641333957e+01
7.459977299428570063e+01
7.455921470224694758e+01
7.451872249037181462e+01
7.447829617941826541e+01
7.443793559082418199e+01
7.439764054670408200e+01
7.435741086984580761e+01
7.431724638370727121e+01
7.427714691241315847e+01
7.423711228075173096e+01
7.419714231417160022e+01
7.415723683877853034e+01
7.411739568133226896e+01
7.407761866924336402e+01
7.403790563057006580e+01
7.399825639401514366e+01
7.395867078892284496e+01
7.391914864527581130e+01
7.387968979369190947e+01
7.384029406542131824e+01
7.380096129234340196e+01
7.376169130696378318e+01
7.372248394241121616e+01
7.368333903243477323e+01
7.364425641140074674e+01
7.360523591428975010e+01
7.356627737669383293e+01
7.352738063481352526e+01
7.348854552545493846e+01
7.344977188602695151e+01
7.341105955453825516e+01
7.337240836959460921e+01
7.333381817039592931e+01
7.329528879673357267e+01
7.325682008898741060e+01
7.321841188812322798e+01
7.318006403568979579e+01
7.314177637381619945e+01
7.310354874520912460e+01
7.306538099315014279e+01
7.302727296149292613e+01
7.298922449466068940e+01
7.295123543764344731e+01
7.291330563599538550e+01
7.287543493583218890e+01
7.283762318382849799e+01
7.279987022721519452e+01
7.276217591377690042e+01
7.272454009184934876e+01
7.268696261031688266e+01
7.264944331860978366e+01
7.261198206670185584e+01
7.257457870510791054e+01
7.253723308488113730e+01
7.249994505761073071e+01
7.246271447541938926e+01
7.242554119096081422e+01
7.238842505741727962e+01
7.235136592849723058e+01
7.231436365843281067e+01
7.227741810197747441e+01
7.224052911440358571e+01
7.220369655150007304e+01
7.216692026957001360e+01
7.213020012542828852e+01
7.209353597639928068e+01
7.205692768031448736e+01
7.202037509551024641e+01
7.198387808082543415e+01
7.194743649559913479e+01
7.191105019966840928e+01
7.187471905336603584e+01
7.183844291751816513e+01
7.180222165344224550e+01
7.176605512294463551e+01
7.172994318831848659e+01
7.169388571234151186e+01
7.165788255827375508e+01
7.162193358985551583e+01
7.158603867130507581e+01
7.155019766731660980e+01
7.151441044305802563e+01
7.147867686416878996e+01
7.144299679675792447e+01
7.140737010740177482e+01
7.137179666314197846e+01
7.133627633148334724e+01
